2s3z
medium
0.4625,0.3250,0.3375,0.3125,0.4125
medium replay
0.7750,0.7500,0.7750,0.8250,0.8000
expert
0.9625,0.9875,0.9750,0.9750,0.9750
mixed
0.8750 ,0.7750 ,0.8375,0.8125,0.8375
3s_vs_5z
medium
0.2750,0.2250,0.1625,0.3375,0.2250
medium replay
0.0625,0.05,0.075,0.05,0.0625
expert
0.9875,0.9875,0.9750,1,0.9875
mixed
0.525,0.55,0.6,0.5625,0.5750
5m_vs_6m
medium
0.2625,0.3,0.225,0.2,0.325
medium replay
0.2625,0.1625,0.2125,0.15,0.225
expert
0.8375, 0.7,0.8,0.7750,0.85
mixed
0.8250, 0.7625, 0.8375,0.7875,0.6875
6h_vs_8z
medium
0.3375,0.4000,0.4125,0.3250,0.3250
medium_replay
0.1000,0.2250,0.1375,0.0500,0.1750
expert
 0.6625,0.6875 ,0.6125,0.6500,0.5750
mixed
0.4250,0.3625,0.5125,0.5375,0.4750

2s3z
QMIX medium
0.9969,1,0.9969,0.9984,0.9984
QMIX mdedium_replay
0.9937,0.9937,0.9953,0.9937,0.9953
QMIX expert
0.9953,0.9937,0.9875,0.9922,1.0000
QMIX mixed
1,0.9984,0.9906,1,1

3s_vs_5z
QMIX medium
0.9703,0.9937,0.9766,0.9797,0.9844
5m_vs_6m
0.8109,0.8094,0.8172,0.7828,0.8188
6h_vs_8z
medium
0.0344,0.0297,0.0234,0.0281,0.0172
expert
0.8109,0.8250,0.8453,0.8188,0.8000